0
0
0
0
0
0
0
0
0
0
0
0
0
0
0
0
0
0
0
0
0
0
0
0
0
0
0
0
0
-0.037846396
-0.044703755
-0.044561642
-0.164894925
-0.215715755
-0.254400491
-0.374327434
-0.351065623
-0.420808245
-0.426440453
-0.445544717
-0.479544981
-0.108566638
0
0
0
0
0
0
0
0
0
0
0
0
0
0
0
0
0
0
0
0
0
0
0
0
0
0
0
0
0
0
0
0
0.095433142
0.090112236
0.119030708
0.08929834
0.078528547
0.085005311
0.121229396
0.159309962
0.151576519
0.129040972
0.16068067
0.156086292
0.131289896
0.164292396
0.181331
0.198760226
0.238652547
0.317598774
0.308075887
0.064667179
0
0