0
0
0
0
0
0
0
0
0
0
0
0
0
0
0
0
0
0
0
0
0
0
0
0
0
0.0156475
0.031295
0.0469425
0.06259
0.1148175
0.167045
0.2192725
0.2715
0.3167725
0.362045
0.4073175
0.45259
0.4872525
0.521915
0.5565775
0.59124
0.61911
0.64698
0.67485
0.70272
0.7092725
0.715825
0.7223775
0.72893
0.7110425
0.693155
0.6752675
0.65738
0.6391825
0.620985
0.6027875
0.58459
0.54332
0.50205
0.46078
0.41951
0.36152
0.30353
0.24554
0.18755
0.1495475
0.111545
0.0735425
0.03554
0.0267425
0.017945
0.0091475
0.00035
0.0002625
0.000175
0.0000875
0
0
0
0
0
0
0
0
0
0
0
0
0
0
0
0
0
0
0
0
